(0, 0): 1.0
(0, 1): 0.30590302069
(0, 2): 0.292655711591
(0, 3): 0.29762054784
(0, 4): 0.279281922582
(0, 5): 0.366291522634
(0, 6): 0.228949573045
(1, 1): 1.0
(1, 2): 0.357208831733
(1, 3): 0.315173473937
(1, 4): 0.364816248285
(1, 5): 0.220075164609
(1, 6): 0.410271783265
(2, 2): 1.0
(2, 3): 0.404634341564
(2, 4): 0.338554799383
(2, 5): 0.402623559671
(2, 6): 0.406645123457
(3, 3): 1.0
(3, 4): 0.283743973765
(3, 5): 0.501346635802
(3, 6): 0.501346635802
(4, 4): 1.0
(4, 5): 0.204556373457
(4, 6): 0.362931574074
(5, 5): 1.0
(5, 6): 0.202693271605
(6, 6): 1.0
Time: 0.00402808189392
