1	896
2	912
3	651
4	896
5	896
6	934
7	896
8	896
9	517
10	651
11	174
12	943
13	903
14	896
15	785
16	896
17	896
18	896
19	896
20	806
21	772
22	896
23	257
24	896
25	896
26	943
27	649
28	786
29	903
30	651
31	814
32	896
33	993
34	896
35	903
36	896
37	896
38	917
39	896
40	912
41	934
42	943
43	896
44	896
45	806
46	934
47	917
48	768
49	896
50	900
51	769
52	896
53	934
54	896
55	814
56	896
57	649
58	651
59	896
60	806
61	786
62	934
63	769
64	918
65	390
66	789
67	896
68	912
69	896
70	896
71	943
72	993
73	387
74	943
75	943
76	896
77	896
78	896
79	896
80	769
81	814
82	912
83	896
84	391
85	896
86	786
87	896
88	900
89	768
90	896
91	896
92	651
93	896
94	896
95	786
96	896
97	896
98	934
99	896
100	896
101	896
102	917
103	900
104	896
105	257
106	651
107	896
108	174
109	896
110	896
111	912
112	896
113	900
114	128
115	896
116	896
117	903
118	903
119	780
120	257
121	896
122	806
123	903
124	649
125	896
126	912
127	768
128	772
129	128
130	769
131	390
132	781
133	896
134	780
135	896
136	651
137	896
138	896
139	896
140	896
141	896
142	896
143	786
144	896
145	934
146	896
147	786
148	896
149	896
150	896
151	896
152	896
153	896
154	896
155	806
156	174
157	257
158	896
159	943
160	896
161	934
162	768
163	645
164	896
165	918
166	896
167	391
168	934
169	917
170	896
171	934
172	896
173	257
174	896
175	174
176	649
177	918
178	896
179	943
180	912
181	651
182	912
183	896
184	896
185	768
186	943
187	896
188	896
189	896
190	896
191	896
192	896
193	896
194	896
195	896
196	934
197	918
198	896
199	806
200	814
201	934
202	896
203	786
204	896
205	174
206	896
207	896
208	896
209	651
210	896
211	896
212	780
213	934
214	896
215	896
216	896
217	786
218	934
219	900
220	896
221	934
222	896
223	918
224	651
225	934
226	896
227	896
228	789
229	781
230	896
231	896
232	896
233	896
234	900
235	257
236	896
237	900
238	896
239	896
240	781
241	174
242	912
243	128
244	896
245	903
246	896
247	785
248	896
249	896
250	651
251	390
252	257
253	768
254	912
255	896
256	651
257	174
258	257
259	896
260	786
261	390
262	649
263	781
264	896
265	896
266	896
267	993
268	896
269	903
270	768
271	896
272	896
273	789
274	896
275	387
276	917
277	772
278	786
279	896
280	896
281	649
282	912
283	387
284	943
285	918
286	896
287	896
288	651
289	896
290	390
291	896
292	390
293	174
294	896
295	896
296	651
297	896
298	896
299	896
300	257
301	943
302	993
303	896
304	896
305	896
306	903
307	993
308	896
309	918
310	896
311	918
312	768
313	517
314	896
315	896
316	896
317	789
318	128
319	896
320	993
321	903
322	645
323	917
324	993
325	993
326	896
327	174
328	896
329	896
330	896
331	896
332	780
333	769
334	896
335	896
336	900
337	896
338	814
339	912
340	896
341	896
342	128
343	896
344	780
345	896
346	896
347	896
348	934
349	896
350	896
351	257
352	896
353	768
354	934
355	896
356	769
357	912
358	651
359	993
360	896
361	785
362	896
363	896
364	896
365	896
366	390
367	651
368	896
369	772
370	785
371	896
372	900
373	651
374	896
375	789
376	912
377	917
378	257
379	896
380	786
381	896
382	934
383	993
384	781
385	934
386	903
387	896
388	896
389	781
390	896
391	390
392	391
393	896
394	387
395	896
396	896
397	896
398	896
399	896
400	896
401	896
402	896
403	896
404	786
405	128
406	896
407	896
408	780
409	917
410	768
411	896
412	257
413	896
414	896
415	651
416	903
417	786
418	943
419	768
420	651
421	934
422	896
423	390
424	390
425	896
426	896
427	896
428	387
429	786
430	896
431	896
432	789
433	918
434	391
435	786
436	900
437	387
438	896
439	896
440	780
441	896
442	912
443	772
444	912
445	934
446	780
447	993
448	781
449	896
450	896
451	896
452	896
453	768
454	896
455	903
456	900
457	934
458	912
459	903
460	896
461	387
462	896
463	900
464	900
465	390
466	785
467	896
468	918
469	128
470	896
471	896
472	896
473	896
474	900
475	896
476	896
477	900
478	896
479	896
480	896
481	768
482	896
483	645
484	517
485	900
486	912
487	785
488	786
489	896
490	896
491	257
492	896
493	896
494	780
495	896
496	896
497	786
498	896
499	390
500	903
501	918
502	896
503	896
504	896
505	934
506	896
507	649
508	943
509	128
510	943
511	896
512	912
513	918
514	896
515	896
516	896
517	896
518	517
519	993
520	917
521	896
522	896
523	896
524	772
525	896
526	917
527	896
528	900
529	896
530	896
531	896
532	896
533	917
534	912
535	900
536	390
537	651
538	934
539	768
540	896
541	781
542	649
543	814
544	786
545	896
546	896
547	645
548	903
549	896
550	257
551	896
552	786
553	896
554	391
555	896
556	912
557	387
558	903
559	900
560	896
561	896
562	896
563	390
564	781
565	896
566	896
567	789
568	896
569	786
570	912
571	896
572	934
573	789
574	896
575	645
576	896
577	772
578	900
579	780
580	896
581	896
582	896
583	896
584	174
585	651
586	896
587	786
588	917
589	651
590	912
591	896
592	917
593	896
594	896
595	651
596	896
597	896
598	387
599	896
600	896
601	918
602	900
603	174
604	645
605	896
606	943
607	934
608	900
609	769
610	780
611	780
612	896
613	896
614	896
615	517
616	896
617	896
618	912
619	896
620	391
621	934
622	896
623	257
624	896
625	934
626	517
627	934
628	896
629	896
630	896
631	896
632	896
633	934
634	896
635	896
636	900
637	896
638	651
639	917
640	769
641	896
642	934
643	896
644	896
645	896
646	645
647	896
648	390
649	896
650	649
651	768
652	651
653	780
654	390
655	896
656	780
657	900
658	943
659	896
660	896
661	917
662	772
663	918
664	390
665	896
666	900
667	896
668	896
669	896
670	896
671	896
672	896
673	900
674	651
675	174
676	896
677	934
678	896
679	780
680	896
681	896
682	786
683	772
684	651
685	896
686	912
687	814
688	912
689	896
690	896
691	917
692	645
693	896
694	645
695	896
696	896
697	814
698	896
699	896
700	896
701	934
702	943
703	896
704	896
705	896
706	128
707	903
708	781
709	896
710	772
711	780
712	900
713	896
714	903
715	993
716	387
717	896
718	896
719	896
720	896
721	772
722	896
723	390
724	128
725	896
726	934
727	934
728	896
729	769
730	896
731	789
732	780
733	896
734	900
735	917
736	896
737	772
738	917
739	896
740	896
741	896
742	896
743	896
744	903
745	896
746	780
747	780
748	896
749	814
750	896
751	128
752	781
753	900
754	943
755	934
756	896
757	896
758	896
759	934
760	896
761	517
762	387
763	896
764	651
765	649
766	517
767	896
768	814
769	768
770	769
771	768
772	896
773	772
774	651
775	814
776	896
777	651
778	896
779	896
780	896
781	780
782	781
783	649
784	993
785	649
786	785
787	786
788	786
789	896
790	789
791	896
792	896
793	900
794	934
795	772
796	896
797	781
798	993
799	896
800	786
801	896
802	651
803	896
804	649
805	896
806	780
807	896
808	781
809	896
810	896
811	651
812	257
813	780
814	900
815	814
816	903
817	387
818	806
819	900
820	896
821	918
822	649
823	900
824	896
825	786
826	814
827	649
828	900
829	918
830	917
831	896
832	896
833	896
834	896
835	896
836	174
837	896
838	649
839	993
840	814
841	993
842	896
843	896
844	993
845	896
846	917
847	903
848	896
849	917
850	174
851	896
852	896
853	896
854	896
855	896
856	896
857	780
858	934
859	772
860	786
861	896
862	390
863	993
864	780
865	900
866	912
867	896
868	896
869	390
870	390
871	896
872	918
873	903
874	896
875	806
876	651
877	806
878	943
879	900
880	917
881	934
882	896
883	896
884	917
885	918
886	768
887	896
888	390
889	934
890	896
891	896
892	943
893	943
894	780
895	918
896	896
897	896
898	896
899	896
900	896
901	900
902	918
903	900
904	903
905	903
906	896
907	257
908	900
909	896
910	651
911	943
912	896
913	912
914	993
915	896
916	896
917	934
918	917
919	918
920	896
921	649
922	651
923	900
924	896
925	772
926	780
927	896
928	912
929	257
930	768
931	651
932	896
933	934
934	649
935	934
936	896
937	896
938	896
939	896
940	772
941	896
942	896
943	896
944	943
945	896
946	896
947	780
948	896
949	934
950	912
951	651
952	934
953	903
954	918
955	993
956	780
957	896
958	257
959	896
960	649
961	649
962	912
963	390
964	257
965	896
966	768
967	257
968	934
969	896
970	912
971	903
972	896
973	896
974	896
975	943
976	917
977	896
978	896
979	896
980	651
981	896
982	786
983	903
984	896
985	993
986	896
987	896
988	917
989	896
990	786
991	912
992	390
993	943
994	993
995	943
996	943
997	896
998	651
999	918
1000	896
