1	0
2	1
3	896
4	729
5	4
6	896
7	790
8	642
9	8
10	896
11	155
12	943
13	28
14	183
15	785
16	642
17	386
18	412
19	790
20	806
21	661
22	785
23	928
24	785
25	642
26	943
27	784
28	259
29	28
30	651
31	814
32	412
33	797
34	315
35	28
36	896
37	896
38	896
39	137
40	1
41	896
42	943
43	785
44	896
45	806
46	896
47	896
48	768
49	896
50	900
51	129
52	642
53	896
54	183
55	814
56	896
57	784
58	896
59	896
60	806
61	259
62	896
63	129
64	918
65	653
66	789
67	896
68	1
69	386
70	648
71	943
72	797
73	816
74	943
75	943
76	648
77	926
78	926
79	896
80	129
81	814
82	1
83	643
84	391
85	896
86	259
87	391
88	900
89	768
90	806
91	648
92	896
93	0
94	898
95	259
96	790
97	137
98	896
99	926
100	896
101	642
102	896
103	900
104	4
105	928
106	896
107	643
108	155
109	896
110	896
111	1
112	137
113	900
114	468
115	926
116	790
117	28
118	28
119	925
120	928
121	896
122	806
123	28
124	784
125	896
126	1
127	768
128	661
129	468
130	129
131	653
132	781
133	729
134	925
135	896
136	896
137	790
138	137
139	648
140	926
141	785
142	729
143	259
144	785
145	896
146	412
147	259
148	0
149	785
150	896
151	412
152	896
153	642
154	4
155	806
156	155
157	928
158	790
159	943
160	412
161	896
162	768
163	645
164	386
165	918
166	315
167	391
168	896
169	896
170	806
171	896
172	790
173	928
174	896
175	155
176	784
177	918
178	729
179	943
180	1
181	651
182	1
183	183
184	183
185	768
186	943
187	0
188	896
189	926
190	642
191	896
192	896
193	8
194	729
195	790
196	896
197	918
198	926
199	806
200	814
201	896
202	386
203	259
204	645
205	155
206	0
207	898
208	8
209	651
210	643
211	790
212	925
213	896
214	137
215	926
216	785
217	259
218	896
219	900
220	896
221	896
222	0
223	918
224	896
225	896
226	898
227	790
228	789
229	781
230	926
231	412
232	183
233	896
234	900
235	928
236	896
237	900
238	643
239	896
240	781
241	155
242	1
243	468
244	896
245	28
246	896
247	785
248	412
249	0
250	896
251	653
252	928
253	768
254	1
255	386
256	651
257	155
258	928
259	183
260	259
261	653
262	784
263	781
264	642
265	129
266	896
267	797
268	643
269	28
270	768
271	896
272	896
273	789
274	926
275	816
276	896
277	661
278	259
279	4
280	926
281	784
282	1
283	816
284	943
285	918
286	898
287	926
288	896
289	412
290	653
291	790
292	653
293	155
294	790
295	926
296	896
297	137
298	412
299	896
300	928
301	943
302	797
303	790
304	898
305	386
306	28
307	797
308	790
309	918
310	898
311	918
312	768
313	8
314	643
315	896
316	315
317	789
318	468
319	137
320	797
321	28
322	645
323	896
324	797
325	797
326	896
327	155
328	648
329	643
330	315
331	315
332	925
333	129
334	790
335	4
336	900
337	183
338	814
339	1
340	896
341	790
342	468
343	643
344	925
345	789
346	926
347	790
348	896
349	896
350	412
351	928
352	896
353	768
354	896
355	790
356	129
357	1
358	651
359	797
360	816
361	785
362	0
363	412
364	8
365	643
366	653
367	651
368	898
369	661
370	785
371	643
372	900
373	651
374	926
375	789
376	1
377	896
378	928
379	898
380	259
381	898
382	896
383	797
384	781
385	896
386	28
387	386
388	816
389	781
390	806
391	653
392	391
393	926
394	816
395	926
396	729
397	642
398	4
399	898
400	896
401	896
402	643
403	898
404	259
405	468
406	898
407	896
408	925
409	896
410	768
411	648
412	928
413	412
414	816
415	896
416	28
417	259
418	943
419	768
420	896
421	896
422	896
423	653
424	653
425	412
426	785
427	643
428	816
429	259
430	0
431	137
432	789
433	918
434	391
435	259
436	900
437	816
438	790
439	898
440	925
441	8
442	1
443	661
444	1
445	896
446	925
447	797
448	781
449	4
450	896
451	412
452	926
453	768
454	896
455	28
456	900
457	896
458	1
459	28
460	896
461	816
462	896
463	900
464	900
465	653
466	785
467	926
468	918
469	468
470	643
471	137
472	642
473	643
474	900
475	790
476	896
477	900
478	468
479	643
480	785
481	768
482	642
483	645
484	8
485	900
486	1
487	785
488	259
489	790
490	642
491	928
492	789
493	790
494	925
495	898
496	785
497	259
498	4
499	653
500	28
501	918
502	898
503	806
504	468
505	896
506	315
507	784
508	943
509	468
510	943
511	898
512	1
513	918
514	896
515	183
516	896
517	896
518	8
519	797
520	896
521	412
522	898
523	926
524	661
525	898
526	896
527	391
528	900
529	926
530	926
531	896
532	386
533	896
534	1
535	900
536	653
537	896
538	896
539	768
540	643
541	781
542	784
543	814
544	259
545	896
546	896
547	645
548	28
549	896
550	928
551	926
552	259
553	729
554	391
555	412
556	1
557	816
558	28
559	900
560	643
561	789
562	898
563	653
564	781
565	896
566	642
567	789
568	4
569	259
570	1
571	729
572	896
573	789
574	412
575	645
576	790
577	661
578	900
579	925
580	896
581	183
582	790
583	642
584	155
585	896
586	729
587	259
588	896
589	896
590	1
591	898
592	896
593	648
594	386
595	651
596	642
597	643
598	816
599	896
600	898
601	918
602	900
603	155
604	645
605	4
606	943
607	896
608	900
609	129
610	925
611	925
612	816
613	898
614	391
615	8
616	642
617	642
618	1
619	898
620	391
621	896
622	898
623	928
624	129
625	896
626	8
627	896
628	896
629	926
630	648
631	926
632	642
633	896
634	643
635	648
636	900
637	898
638	896
639	896
640	129
641	468
642	896
643	642
644	643
645	926
646	645
647	412
648	653
649	648
650	784
651	768
652	651
653	925
654	653
655	896
656	925
657	900
658	943
659	896
660	896
661	896
662	661
663	918
664	653
665	643
666	900
667	8
668	896
669	898
670	729
671	896
672	729
673	900
674	896
675	155
676	412
677	896
678	790
679	925
680	896
681	896
682	259
683	661
684	651
685	896
686	1
687	814
688	1
689	896
690	412
691	896
692	645
693	386
694	645
695	0
696	896
697	814
698	896
699	790
700	896
701	896
702	943
703	896
704	391
705	412
706	468
707	28
708	781
709	896
710	661
711	925
712	900
713	183
714	28
715	797
716	816
717	898
718	926
719	926
720	412
721	661
722	896
723	653
724	468
725	790
726	896
727	896
728	898
729	129
730	729
731	789
732	925
733	643
734	900
735	896
736	137
737	661
738	896
739	790
740	643
741	896
742	790
743	790
744	28
745	896
746	925
747	925
748	898
749	814
750	790
751	468
752	781
753	900
754	943
755	896
756	896
757	896
758	896
759	896
760	391
761	8
762	816
763	898
764	896
765	784
766	8
767	642
768	814
769	768
770	129
771	768
772	642
773	661
774	896
775	814
776	642
777	896
778	642
779	391
780	926
781	925
782	781
783	784
784	797
785	784
786	785
787	259
788	259
789	898
790	789
791	790
792	643
793	900
794	896
795	661
796	896
797	781
798	797
799	412
800	259
801	790
802	896
803	896
804	784
805	898
806	925
807	806
808	781
809	898
810	790
811	896
812	928
813	925
814	900
815	814
816	28
817	816
818	806
819	900
820	896
821	918
822	784
823	900
824	643
825	259
826	814
827	784
828	900
829	918
830	896
831	412
832	926
833	806
834	412
835	896
836	155
837	898
838	784
839	797
840	814
841	797
842	898
843	898
844	797
845	896
846	896
847	28
848	898
849	896
850	155
851	790
852	790
853	896
854	926
855	643
856	926
857	925
858	896
859	661
860	259
861	898
862	653
863	797
864	925
865	900
866	1
867	412
868	898
869	653
870	653
871	896
872	918
873	28
874	790
875	806
876	651
877	806
878	943
879	900
880	896
881	896
882	896
883	790
884	896
885	918
886	768
887	790
888	653
889	896
890	898
891	790
892	943
893	943
894	925
895	918
896	642
897	896
898	790
899	898
900	898
901	900
902	918
903	900
904	28
905	28
906	898
907	928
908	900
909	896
910	651
911	943
912	898
913	1
914	797
915	898
916	896
917	896
918	896
919	918
920	643
921	784
922	896
923	900
924	785
925	661
926	925
927	926
928	1
929	928
930	768
931	896
932	412
933	896
934	784
935	896
936	643
937	643
938	926
939	896
940	661
941	643
942	898
943	926
944	943
945	896
946	643
947	925
948	896
949	896
950	1
951	651
952	896
953	28
954	918
955	797
956	925
957	898
958	928
959	926
960	784
961	784
962	1
963	653
964	928
965	926
966	768
967	928
968	896
969	896
970	1
971	28
972	896
973	926
974	896
975	943
976	896
977	790
978	896
979	790
980	896
981	412
982	259
983	28
984	896
985	797
986	790
987	643
988	896
989	926
990	259
991	1
992	653
993	943
994	797
995	943
996	943
997	898
998	896
999	918
1000	642
