1	0
2	927
3	9
4	132
5	4
6	40
7	897
8	771
9	517
10	9
11	155
12	11
13	903
14	134
15	785
16	642
17	692
18	899
19	897
20	389
21	772
22	785
23	906
24	785
25	771
26	11
27	784
28	786
29	903
30	9
31	774
32	899
33	993
34	165
35	903
36	899
37	899
38	829
39	430
40	927
41	40
42	11
43	785
44	165
45	389
46	40
47	829
48	768
49	899
50	900
51	769
52	771
53	40
54	134
55	774
56	659
57	784
58	9
59	899
60	389
61	786
62	40
63	769
64	512
65	130
66	566
67	659
68	927
69	692
70	648
71	11
72	993
73	274
74	11
75	11
76	648
77	392
78	392
79	165
80	769
81	774
82	927
83	986
84	778
85	899
86	786
87	778
88	900
89	768
90	389
91	648
92	9
93	0
94	899
95	786
96	897
97	430
98	40
99	392
100	659
101	771
102	829
103	900
104	4
105	906
106	9
107	986
108	155
109	659
110	659
111	927
112	430
113	900
114	128
115	392
116	897
117	903
118	903
119	652
120	906
121	899
122	389
123	903
124	784
125	274
126	927
127	768
128	772
129	128
130	769
131	130
132	262
133	132
134	652
135	899
136	9
137	897
138	430
139	648
140	392
141	785
142	132
143	786
144	785
145	40
146	899
147	786
148	0
149	785
150	899
151	899
152	659
153	642
154	4
155	389
156	155
157	906
158	897
159	11
160	899
161	40
162	768
163	645
164	692
165	512
166	165
167	778
168	40
169	829
170	389
171	40
172	897
173	906
174	899
175	155
176	784
177	512
178	132
179	11
180	927
181	9
182	927
183	134
184	134
185	768
186	11
187	0
188	659
189	392
190	771
191	899
192	659
193	517
194	132
195	897
196	40
197	512
198	392
199	389
200	774
201	40
202	692
203	786
204	645
205	155
206	0
207	899
208	517
209	9
210	986
211	897
212	652
213	40
214	430
215	392
216	785
217	786
218	40
219	900
220	899
221	40
222	0
223	512
224	9
225	40
226	899
227	897
228	566
229	262
230	392
231	899
232	134
233	899
234	900
235	906
236	899
237	900
238	986
239	899
240	262
241	155
242	927
243	128
244	659
245	903
246	899
247	785
248	512
249	0
250	9
251	130
252	906
253	768
254	927
255	692
256	9
257	155
258	906
259	134
260	786
261	130
262	784
263	262
264	771
265	769
266	899
267	993
268	986
269	903
270	768
271	899
272	899
273	566
274	392
275	274
276	829
277	772
278	786
279	4
280	392
281	784
282	927
283	274
284	11
285	512
286	899
287	392
288	9
289	899
290	130
291	897
292	130
293	155
294	897
295	392
296	9
297	430
298	899
299	659
300	906
301	11
302	993
303	897
304	899
305	692
306	903
307	993
308	897
309	512
310	899
311	512
312	768
313	517
314	986
315	165
316	165
317	566
318	128
319	430
320	993
321	903
322	645
323	829
324	993
325	993
326	40
327	155
328	648
329	986
330	165
331	165
332	652
333	769
334	897
335	4
336	900
337	134
338	774
339	927
340	659
341	897
342	128
343	986
344	652
345	566
346	392
347	897
348	40
349	899
350	899
351	906
352	659
353	768
354	40
355	897
356	769
357	927
358	9
359	993
360	274
361	785
362	0
363	899
364	517
365	986
366	130
367	9
368	899
369	772
370	785
371	986
372	900
373	9
374	392
375	566
376	927
377	829
378	906
379	899
380	786
381	899
382	40
383	993
384	262
385	40
386	903
387	692
388	274
389	262
390	389
391	130
392	778
393	392
394	274
395	392
396	132
397	771
398	4
399	899
400	899
401	659
402	986
403	899
404	786
405	128
406	899
407	899
408	652
409	829
410	768
411	648
412	906
413	899
414	274
415	9
416	903
417	786
418	11
419	768
420	9
421	40
422	165
423	130
424	130
425	899
426	785
427	986
428	274
429	786
430	0
431	430
432	566
433	512
434	778
435	786
436	900
437	274
438	897
439	899
440	652
441	517
442	927
443	772
444	927
445	40
446	652
447	993
448	262
449	4
450	899
451	899
452	392
453	768
454	899
455	903
456	900
457	40
458	927
459	903
460	899
461	274
462	659
463	900
464	900
465	130
466	785
467	392
468	512
469	128
470	986
471	430
472	642
473	986
474	900
475	897
476	899
477	900
478	128
479	986
480	785
481	768
482	771
483	645
484	517
485	900
486	927
487	785
488	786
489	897
490	771
491	906
492	566
493	897
494	652
495	899
496	785
497	786
498	4
499	130
500	903
501	512
502	899
503	389
504	128
505	40
506	165
507	784
508	11
509	128
510	11
511	899
512	927
513	512
514	659
515	134
516	659
517	899
518	517
519	993
520	829
521	899
522	899
523	392
524	772
525	899
526	829
527	778
528	900
529	392
530	392
531	899
532	692
533	829
534	927
535	900
536	130
537	9
538	40
539	768
540	986
541	262
542	784
543	774
544	786
545	659
546	899
547	645
548	903
549	899
550	906
551	392
552	786
553	132
554	778
555	899
556	927
557	274
558	903
559	900
560	986
561	566
562	899
563	130
564	262
565	659
566	771
567	566
568	4
569	786
570	927
571	132
572	40
573	566
574	899
575	645
576	897
577	772
578	900
579	652
580	899
581	134
582	897
583	642
584	155
585	9
586	132
587	786
588	829
589	9
590	927
591	899
592	829
593	648
594	692
595	9
596	771
597	986
598	274
599	659
600	899
601	512
602	900
603	155
604	645
605	4
606	11
607	40
608	900
609	769
610	652
611	652
612	274
613	899
614	778
615	517
616	642
617	771
618	927
619	899
620	778
621	40
622	899
623	906
624	769
625	40
626	517
627	40
628	899
629	392
630	648
631	392
632	642
633	40
634	986
635	648
636	900
637	899
638	9
639	829
640	769
641	128
642	40
643	642
644	986
645	392
646	645
647	899
648	130
649	648
650	784
651	768
652	9
653	652
654	130
655	659
656	652
657	900
658	11
659	659
660	659
661	829
662	772
663	512
664	130
665	986
666	900
667	517
668	899
669	899
670	132
671	659
672	132
673	900
674	9
675	155
676	899
677	40
678	897
679	652
680	659
681	899
682	786
683	772
684	9
685	899
686	927
687	774
688	927
689	899
690	899
691	829
692	645
693	692
694	645
695	0
696	899
697	774
698	899
699	897
700	899
701	40
702	11
703	659
704	778
705	899
706	128
707	903
708	262
709	899
710	772
711	652
712	900
713	134
714	903
715	993
716	274
717	899
718	392
719	392
720	899
721	772
722	899
723	130
724	128
725	897
726	40
727	40
728	899
729	769
730	132
731	566
732	652
733	986
734	900
735	829
736	430
737	772
738	829
739	897
740	986
741	659
742	897
743	897
744	903
745	659
746	652
747	652
748	899
749	774
750	897
751	128
752	262
753	900
754	11
755	40
756	659
757	899
758	659
759	40
760	778
761	517
762	274
763	899
764	9
765	784
766	517
767	771
768	774
769	768
770	769
771	768
772	642
773	772
774	9
775	774
776	771
777	9
778	771
779	778
780	392
781	652
782	262
783	784
784	993
785	784
786	785
787	786
788	786
789	899
790	566
791	897
792	986
793	900
794	40
795	772
796	659
797	262
798	993
799	899
800	786
801	897
802	9
803	899
804	784
805	899
806	652
807	389
808	262
809	899
810	897
811	9
812	906
813	652
814	900
815	774
816	903
817	274
818	389
819	900
820	659
821	512
822	784
823	900
824	986
825	786
826	774
827	784
828	900
829	512
830	829
831	899
832	392
833	389
834	899
835	899
836	155
837	899
838	784
839	993
840	774
841	993
842	899
843	899
844	993
845	899
846	829
847	903
848	899
849	829
850	155
851	897
852	897
853	659
854	392
855	986
856	392
857	652
858	40
859	772
860	786
861	899
862	130
863	993
864	652
865	900
866	927
867	899
868	899
869	130
870	130
871	659
872	512
873	903
874	897
875	389
876	9
877	389
878	11
879	900
880	829
881	40
882	899
883	897
884	829
885	512
886	768
887	897
888	130
889	40
890	899
891	897
892	11
893	11
894	652
895	512
896	771
897	659
898	897
899	899
900	899
901	900
902	512
903	900
904	903
905	903
906	899
907	906
908	900
909	899
910	9
911	11
912	899
913	927
914	993
915	899
916	659
917	40
918	829
919	512
920	986
921	784
922	9
923	900
924	785
925	772
926	652
927	392
928	927
929	906
930	768
931	9
932	899
933	40
934	784
935	40
936	986
937	986
938	392
939	659
940	772
941	986
942	899
943	392
944	11
945	899
946	986
947	652
948	659
949	40
950	927
951	9
952	40
953	903
954	512
955	993
956	652
957	899
958	906
959	392
960	784
961	784
962	927
963	130
964	906
965	392
966	768
967	906
968	40
969	899
970	927
971	903
972	899
973	392
974	659
975	11
976	829
977	897
978	899
979	897
980	9
981	899
982	786
983	903
984	899
985	993
986	897
987	986
988	829
989	392
990	786
991	927
992	130
993	11
994	993
995	11
996	11
997	899
998	9
999	512
1000	771
