1	0
2	1
3	135
4	395
5	397
6	512
7	790
8	642
9	517
10	135
11	155
12	910
13	904
14	183
15	785
16	642
17	386
18	689
19	790
20	389
21	682
22	785
23	906
24	785
25	642
26	910
27	261
28	416
29	904
30	135
31	774
32	689
33	993
34	165
35	904
36	899
37	899
38	917
39	137
40	1
41	512
42	910
43	785
44	165
45	389
46	512
47	917
48	929
49	899
50	907
51	129
52	642
53	512
54	183
55	774
56	896
57	261
58	135
59	899
60	389
61	416
62	512
63	129
64	512
65	291
66	272
67	896
68	1
69	386
70	327
71	910
72	993
73	387
74	910
75	910
76	327
77	644
78	644
79	165
80	129
81	774
82	1
83	643
84	391
85	899
86	416
87	391
88	907
89	929
90	389
91	327
92	135
93	0
94	899
95	416
96	790
97	137
98	512
99	644
100	896
101	642
102	917
103	907
104	397
105	906
106	135
107	643
108	155
109	896
110	896
111	1
112	137
113	907
114	640
115	644
116	790
117	904
118	904
119	655
120	906
121	899
122	389
123	904
124	261
125	387
126	1
127	929
128	682
129	640
130	129
131	291
132	131
133	395
134	655
135	183
136	135
137	790
138	137
139	327
140	644
141	785
142	395
143	416
144	785
145	512
146	689
147	416
148	0
149	785
150	899
151	689
152	896
153	642
154	397
155	389
156	155
157	906
158	790
159	910
160	689
161	512
162	929
163	162
164	386
165	512
166	165
167	391
168	512
169	917
170	389
171	512
172	790
173	906
174	899
175	155
176	261
177	512
178	395
179	910
180	1
181	135
182	1
183	183
184	183
185	929
186	910
187	0
188	896
189	644
190	642
191	899
192	896
193	517
194	395
195	790
196	512
197	512
198	644
199	389
200	774
201	512
202	386
203	416
204	162
205	155
206	0
207	899
208	517
209	135
210	643
211	790
212	655
213	512
214	137
215	644
216	785
217	416
218	512
219	907
220	899
221	512
222	0
223	512
224	135
225	512
226	899
227	790
228	272
229	131
230	644
231	689
232	183
233	899
234	907
235	906
236	899
237	907
238	643
239	899
240	131
241	155
242	1
243	640
244	896
245	904
246	899
247	785
248	689
249	0
250	135
251	291
252	906
253	929
254	1
255	386
256	135
257	155
258	906
259	183
260	416
261	291
262	261
263	131
264	642
265	129
266	899
267	993
268	643
269	904
270	929
271	899
272	899
273	272
274	644
275	387
276	917
277	682
278	416
279	397
280	644
281	261
282	1
283	387
284	910
285	512
286	899
287	644
288	135
289	689
290	291
291	790
292	291
293	155
294	790
295	644
296	135
297	137
298	689
299	896
300	906
301	910
302	993
303	790
304	899
305	386
306	904
307	993
308	790
309	512
310	899
311	512
312	929
313	517
314	643
315	165
316	165
317	272
318	640
319	899
320	993
321	904
322	162
323	917
324	993
325	993
326	512
327	155
328	327
329	643
330	165
331	165
332	655
333	129
334	790
335	397
336	907
337	183
338	774
339	1
340	896
341	790
342	640
343	643
344	655
345	272
346	644
347	790
348	512
349	899
350	689
351	906
352	896
353	929
354	512
355	790
356	129
357	1
358	135
359	993
360	387
361	785
362	0
363	689
364	517
365	643
366	291
367	135
368	899
369	682
370	785
371	643
372	907
373	135
374	644
375	272
376	1
377	917
378	906
379	899
380	416
381	899
382	512
383	993
384	131
385	512
386	904
387	386
388	387
389	131
390	389
391	291
392	391
393	644
394	387
395	644
396	395
397	642
398	397
399	899
400	899
401	896
402	643
403	899
404	416
405	640
406	899
407	899
408	655
409	917
410	929
411	327
412	906
413	689
414	387
415	135
416	904
417	416
418	910
419	929
420	135
421	512
422	165
423	291
424	291
425	689
426	785
427	643
428	387
429	416
430	0
431	137
432	272
433	512
434	391
435	416
436	907
437	387
438	790
439	899
440	655
441	517
442	1
443	682
444	1
445	512
446	655
447	993
448	131
449	397
450	899
451	689
452	644
453	929
454	899
455	904
456	907
457	512
458	1
459	904
460	899
461	387
462	896
463	907
464	907
465	291
466	785
467	644
468	512
469	640
470	643
471	137
472	642
473	643
474	907
475	790
476	899
477	907
478	640
479	643
480	785
481	929
482	642
483	162
484	517
485	907
486	1
487	785
488	416
489	790
490	642
491	906
492	272
493	790
494	655
495	899
496	785
497	416
498	397
499	291
500	904
501	512
502	899
503	389
504	640
505	512
506	165
507	261
508	910
509	640
510	910
511	899
512	1
513	512
514	896
515	183
516	896
517	899
518	517
519	993
520	917
521	689
522	899
523	644
524	682
525	899
526	917
527	391
528	907
529	644
530	644
531	899
532	386
533	917
534	1
535	907
536	291
537	135
538	512
539	929
540	643
541	131
542	261
543	774
544	416
545	896
546	899
547	162
548	904
549	899
550	906
551	644
552	416
553	395
554	391
555	689
556	1
557	387
558	904
559	907
560	643
561	272
562	899
563	291
564	131
565	896
566	642
567	272
568	397
569	416
570	1
571	395
572	512
573	272
574	689
575	162
576	790
577	682
578	907
579	655
580	899
581	183
582	790
583	642
584	155
585	135
586	395
587	416
588	917
589	135
590	1
591	899
592	917
593	327
594	386
595	135
596	642
597	643
598	387
599	896
600	899
601	512
602	907
603	155
604	162
605	397
606	910
607	512
608	907
609	129
610	655
611	655
612	387
613	899
614	391
615	517
616	642
617	642
618	1
619	899
620	391
621	512
622	899
623	906
624	129
625	512
626	517
627	512
628	899
629	644
630	327
631	644
632	642
633	512
634	643
635	327
636	907
637	899
638	135
639	917
640	129
641	640
642	512
643	642
644	643
645	644
646	162
647	689
648	291
649	327
650	261
651	929
652	135
653	655
654	291
655	896
656	655
657	907
658	910
659	896
660	896
661	917
662	682
663	512
664	291
665	643
666	907
667	517
668	899
669	899
670	395
671	896
672	395
673	907
674	135
675	155
676	689
677	512
678	790
679	655
680	896
681	899
682	416
683	682
684	135
685	899
686	1
687	774
688	1
689	899
690	689
691	917
692	162
693	386
694	162
695	0
696	899
697	774
698	899
699	790
700	899
701	512
702	910
703	896
704	391
705	689
706	640
707	904
708	131
709	899
710	682
711	655
712	907
713	183
714	904
715	993
716	387
717	899
718	644
719	644
720	689
721	682
722	899
723	291
724	640
725	790
726	512
727	512
728	899
729	129
730	395
731	272
732	655
733	643
734	907
735	917
736	137
737	682
738	917
739	790
740	643
741	896
742	790
743	790
744	904
745	896
746	655
747	655
748	899
749	774
750	790
751	640
752	131
753	907
754	910
755	512
756	896
757	899
758	896
759	512
760	391
761	517
762	387
763	899
764	135
765	261
766	517
767	642
768	774
769	929
770	129
771	929
772	642
773	682
774	135
775	774
776	642
777	135
778	642
779	391
780	644
781	655
782	131
783	261
784	993
785	261
786	785
787	416
788	416
789	899
790	272
791	790
792	643
793	907
794	512
795	682
796	896
797	131
798	993
799	689
800	416
801	790
802	135
803	899
804	261
805	899
806	655
807	389
808	131
809	899
810	790
811	135
812	906
813	655
814	907
815	774
816	904
817	387
818	389
819	907
820	896
821	512
822	261
823	907
824	643
825	416
826	774
827	261
828	907
829	512
830	917
831	689
832	644
833	389
834	689
835	899
836	155
837	899
838	261
839	993
840	774
841	993
842	899
843	899
844	993
845	899
846	917
847	904
848	899
849	917
850	155
851	790
852	790
853	896
854	644
855	643
856	644
857	655
858	512
859	682
860	416
861	899
862	291
863	993
864	655
865	907
866	1
867	689
868	899
869	291
870	291
871	896
872	512
873	904
874	790
875	389
876	135
877	389
878	910
879	907
880	917
881	512
882	899
883	790
884	917
885	512
886	929
887	790
888	291
889	512
890	899
891	790
892	910
893	910
894	655
895	512
896	642
897	896
898	790
899	899
900	899
901	907
902	512
903	907
904	904
905	904
906	899
907	906
908	907
909	899
910	135
911	910
912	899
913	1
914	993
915	899
916	896
917	512
918	917
919	512
920	643
921	261
922	135
923	907
924	785
925	682
926	655
927	644
928	1
929	906
930	929
931	135
932	689
933	512
934	261
935	512
936	643
937	643
938	644
939	896
940	682
941	643
942	899
943	644
944	910
945	899
946	643
947	655
948	896
949	512
950	1
951	135
952	512
953	904
954	512
955	993
956	655
957	899
958	906
959	644
960	261
961	261
962	1
963	291
964	906
965	644
966	929
967	906
968	512
969	899
970	1
971	904
972	899
973	644
974	896
975	910
976	917
977	790
978	899
979	790
980	135
981	689
982	416
983	904
984	899
985	993
986	790
987	643
988	917
989	644
990	416
991	1
992	291
993	910
994	993
995	910
996	910
997	899
998	135
999	512
1000	642
